0
0
0
0
0
0
0
0
0
0.113844
0.217718
0.312495
0.398973
0.477878
0.549873
0.615563
0.6755
0.730189
0.780088
0.825618
0.867161
0.905065
0.93965
0.971207
1
0.91771
0.852345
0.800424
0.759181
0.726421
0.700399
0.679729
0.66331
0.650268
0.639909
0.63168
0.625144
0.619952
0.615828
0.612552
0.60995
0.607883
0.606241
0.604937
0.603901
0.603078
0.602424
0.601905
0.601493
0.601165
0.600905
0.600698
0.600534
0.600404
0.6003
0.600218
0.600152
0.600101
0.600059
0.600027
0.6
0.6
0.6
0.6
0.6
0.566431
0.534739
0.50482
0.476575
0.44991
0.424737
0.400971
0.378536
0.357355
0.337359
0.318482
0.30066
0.283836
0.267952
0.252958
0.238802
0.225438
0.212821
0.20091
0.189666
0.17905
0.169029
0.159568
0.150636
0.142204
0.134243
0.126728
0.119634
0.112936
0.106613
0.100643
0.0950075
0.0896872
0.0846646
0.0799229
0.0754464
0.0712204
0.0672307
0.0634643
0.0599085
0.0565516
0.0533826
0.0503908
0.0475663
0.0448999
0.0423826
0.0400061
0.0377626
0.0356446
0.033645
0.0317574
0.0299753
0.0282929
0.0267046
0.0252051
0.0237896
0.0224532
0.0211916
0.0200005
0.0188761
0.0178146
0.0168125
0.0158664
0.0149732
0.01413
0.013334
0.0125825
0.0118731
0.0112033
0.010571
0.00997406
0.00941052
0.0088785
0.00837625
0.00790209
0.00745445
0.00703186
0.0066329
0.00625627
0.0059007
0.00556502
0.00524812
0.00494895
0.00466651
0.00439988
0.00414815
0.00391051
0.00368617
0.00347437
0.00327442
0.00308566
0.00290745
0.00273922
0.00258039
0.00243045
